graph
9 7 5 5 5 5 10 19 15 18 1 11 10 3 17 19
2 2 2 2 2 2 2 1 2 2 1 1 2 2 2 2
-1 -1 -1 -1 -1 -1 -1 -1 -1 -1 -1 -1 -1 -1 -1 -1
4 4 4 4 4 4 4 4 4 4 4 4 4 3 4 4
-1 -1 -1 -1 -1 -1 -1 -1 -1 -1 -1 -1 -1 -1 -1 -1
8 8 8 8 6 8 8 8 8 8 8 8 8 8 8 8
-1 -1 -1 -1 -1 -1 -1 -1 -1 -1 -1 -1 -1 -1 -1 -1
8 6 8 8 8 8 8 8 8 8 8 8 8 8 8 8
-1 -1 -1 -1 -1 -1 -1 -1 -1 -1 -1 -1 -1 -1 -1 -1
5 8 8 8 8 8 8 8 8 8 8 8 8 8 8 8
8 8 8 8 8 8 8 8 8 8 8 8 8 8 8 8
12 12 12 12 12 12 13 12 12 12 12 11 12 12 12 12
-1 -1 -1 -1 -1 -1 -1 -1 -1 -1 -1 -1 -1 -1 -1 -1
14 14 14 14 14 14 14 14 14 14 14 13 14 14 14 14
-1 -1 -1 -1 -1 -1 -1 -1 -1 -1 -1 -1 -1 -1 -1 -1
15 15 15 15 15 15 15 15 16 15 15 15 15 15 15 15
-1 -1 -1 -1 -1 -1 -1 -1 -1 -1 -1 -1 -1 -1 -1 -1
-1 -1 -1 -1 -1 -1 -1 -1 -1 -1 -1 -1 -1 -1 -1 -1
-1 -1 -1 -1 -1 -1 -1 -1 -1 -1 -1 -1 -1 -1 -1 -1
19 19 19 19 19 19 19 19 19 19 19 19 19 19 19 19

final states
0 0 1 0 1 0 1 0 1 0 0 0 1 0 1 0 1 1 1 0

retract states
0 0 1 0 1 0 0 0 1 0 0 0 1 0 1 0 0 0 0 0

error state
19